%YAML:1.0
---
L: !!opencv-matrix
   rows: 3
   cols: 3
   dt: d
   data: [ -2.1677888352884507e+00, -4.6512361887497411e+00,
       4.7924706897178421e+03, 2.7462266138974334e-01,
       -1.6074332334507559e+01, 7.6052265197469542e+03,
       1.7942096937375243e-05, -5.2569454914273952e-03, 1. ]
M: !!opencv-matrix
   rows: 3
   cols: 3
   dt: d
   data: [ -1.9793165928102425e+00, -4.4366328421853565e+00,
       4.4067045365144222e+03, 1.9906122133365106e-01,
       -1.5278284184692014e+01, 7.0970001448331477e+03,
       -1.3303952535759876e-05, -5.0064219577151741e-03, 1. ]
H: !!opencv-matrix
   rows: 3
   cols: 3
   dt: d
   data: [ -1.9960002629000493e+00, -4.4725885196900785e+00,
       4.3915107954196474e+03, 1.9068426480779316e-01,
       -1.5649254248599869e+01, 7.1557072192498690e+03,
       -3.8495850368629398e-05, -5.0598138975397767e-03, 1. ]
