%YAML:1.0
---
L: !!opencv-matrix
   rows: 3
   cols: 3
   dt: d
   data: [ 9.8995998225303528e-01, 4.4627691877243150e+00,
       -5.7620375004008611e+02, -1.1891925460239445e+00,
       1.5832985740771514e+01, 8.3900839666600677e+02,
       -4.3587521537597379e-04, 5.8309536856796691e-03, 1. ]
M: !!opencv-matrix
   rows: 3
   cols: 3
   dt: d
   data: [ 9.7459160936677391e-01, 4.4323359703703717e+00,
       -5.6823854808295710e+02, -1.2089388477325964e+00,
       1.5754967095563497e+01, 8.4438482983195138e+02,
       -4.4735904930012533e-04, 5.8073337551338639e-03, 1. ]
H: !!opencv-matrix
   rows: 3
   cols: 3
   dt: d
   data: [ 9.9281824091604953e-01, 4.4600156497450749e+00,
       -5.7936447899808229e+02, -1.1863342873609322e+00,
       1.5830232202792278e+01, 8.3584766770801104e+02,
       -4.3587521537597428e-04, 5.8309536856796700e-03, 1. ]
